    0.000000     0.000002     0.000000
   -0.000002     0.000004     1.019040
    0.281655    -0.866844     0.455731
   -0.737385    -0.535738     0.455728
   -0.737386     0.535744     0.455726
    0.281654     0.866850     0.455727
    0.911456     0.000003     0.455730
   -0.281654    -0.866846    -0.455727
   -0.911456     0.000001    -0.455730
   -0.281655     0.866848    -0.455731
    0.737385     0.535742    -0.455728
    0.737386    -0.535740    -0.455726
    0.000002    -0.000000    -1.019040
   -0.000004     0.000007     2.060292
    0.569448     1.752593     0.921388
    1.842779     0.000005     0.921395
    0.569450    -1.752585     0.921396
   -1.490843    -1.083156     0.921390
   -1.490844     1.083163     0.921385
    1.490843     1.083160    -0.921390
    1.490844    -1.083159    -0.921385
   -0.569448    -1.752589    -0.921388
   -1.842779    -0.000001    -0.921395
   -0.569450     1.752589    -0.921396
    0.000004    -0.000003    -2.060292
    0.288105     0.886711     1.508553
    0.932335     0.000006     1.508556
    0.288105    -0.886700     1.508557
   -0.754280    -0.548009     1.508554
   -0.754280     0.548019     1.508551
    1.220443     0.886710     0.932338
    1.220444    -0.886701     0.932342
   -0.466170    -1.434716     0.932340
   -1.508556     0.000003     0.932335
   -0.466172     1.434724     0.932333
    1.042385     1.434723    -0.000001
   -0.000001     1.773414    -0.000004
    1.686614     0.548017     0.000002
    1.686615    -0.548012     0.000005
    1.042386    -1.434718     0.000005
    0.000001    -1.773410     0.000004
   -1.042385    -1.434719     0.000001
   -1.686614    -0.548013    -0.000002
   -1.686615     0.548016    -0.000005
   -1.042386     1.434722    -0.000005
    1.508556     0.000001    -0.932335
    0.466172    -1.434720    -0.932334
   -1.220443    -0.886706    -0.932338
   -1.220444     0.886705    -0.932342
    0.466170     1.434720    -0.932340
    0.754280     0.548013    -1.508554
    0.754281    -0.548015    -1.508551
   -0.288105    -0.886707    -1.508553
   -0.932334    -0.000002    -1.508556
   -0.288105     0.886704    -1.508557
   -0.000007     0.000009     3.119781
    0.862282     2.653850     1.395205
    2.790414     0.000006     1.395214
    0.862285    -2.653839     1.395216
   -2.257497    -1.640162     1.395208
   -2.257499     1.640170     1.395200
    2.257497     1.640166    -1.395207
    2.257499    -1.640166    -1.395200
   -0.862282    -2.653846    -1.395204
   -2.790414    -0.000003    -1.395214
   -0.862285     2.653843    -1.395216
    0.000007    -0.000005    -3.119781
    0.291092     0.895915     2.570043
    0.942007     0.000008     2.570047
    0.291093    -0.895899     2.570047
   -0.762109    -0.553694     2.570044
   -0.762110     0.553709     2.570042
    0.580155     1.785555     1.991918
    1.877433     0.000007     1.991925
    0.580157    -1.785542     1.991926
   -1.518882    -1.103524     1.991920
   -1.518883     1.103536     1.991915
    1.241018     0.901663     2.008017
    1.241019    -0.901649     2.008021
   -0.474032    -1.458903     2.008019
   -1.533992     0.000006     2.008013
   -0.474033     1.458916     2.008012
    1.522169     1.785554     1.409724
    2.168532    -0.895901     1.409731
   -0.181946    -2.339245     1.409730
   -2.280985    -0.549824     1.409721
   -1.227784     1.999442     1.409718
    2.168531     0.895913     1.409727
    1.522171    -1.785543     1.409732
   -1.227782    -1.999432     1.409727
   -2.280986     0.549833     1.409719
   -0.181949     2.339255     1.409719
    2.008015     1.458913     0.474029
    2.008016    -1.458905     0.474036
   -0.766994    -2.360562     0.474032
   -2.482046     0.000002     0.474023
   -0.766996     2.360568     0.474021
    1.342262     2.339253     0.467710
    0.289060     2.681459     0.467707
    2.639540     0.553705     0.467716
    2.639541    -0.553697     0.467719
    1.342264    -2.339246     0.467720
    0.289062    -2.681453     0.467719
   -1.809976    -1.999435     0.467713
   -2.460892    -1.103528     0.467709
   -2.460893     1.103532     0.467704
   -1.809978     1.999439     0.467704
    1.809976     1.999439    -0.467713
   -0.289062     2.681457    -0.467719
    2.460892     1.103532    -0.467709
    2.460893    -1.103528    -0.467704
    1.809978    -1.999435    -0.467704
   -0.289060    -2.681455    -0.467707
   -1.342262    -2.339249    -0.467710
   -2.639540    -0.553702    -0.467716
   -2.639541     0.553701    -0.467719
   -1.342264     2.339250    -0.467720
    0.766994     2.360566    -0.474032
    2.482046     0.000002    -0.474023
    0.766996    -2.360564    -0.474022
   -2.008015    -1.458909    -0.474029
   -2.008016     1.458909    -0.474036
    2.280985     0.549828    -1.409721
    1.227784    -1.999438    -1.409718
   -1.522169    -1.785551    -1.409724
   -2.168532     0.895905    -1.409731
    0.181946     2.339249    -1.409730
    2.280986    -0.549828    -1.409719
    0.181949    -2.339251    -1.409719
   -2.168531    -0.895910    -1.409727
   -1.522171     1.785547    -1.409732
    1.227782     1.999437    -1.409727
    0.762109     0.553698    -2.570044
    0.762110    -0.553705    -2.570042
   -0.291092    -0.895911    -2.570043
   -0.942007    -0.000004    -2.570047
   -0.291093     0.895904    -2.570047
    1.518882     1.103528    -1.991920
    1.518883    -1.103531    -1.991915
   -0.580155    -1.785551    -1.991918
   -1.877433    -0.000003    -1.991925
   -0.580157     1.785546    -1.991926
    1.533992    -0.000002    -2.008013
    0.474033    -1.458912    -2.008012
   -1.241018    -0.901659    -2.008017
   -1.241019     0.901652    -2.008021
    0.474032     1.458907    -2.008019
    0.293029     0.901887     3.642749
    0.948282     0.000010     3.642753
    0.293030    -0.901867     3.642753
   -0.767190    -0.557381     3.642750
   -0.767190     0.557400     3.642748
    0.585941     1.803373     3.068064
    1.896163     0.000010     3.068071
    0.585943    -1.803355     3.068072
   -1.534039    -1.114532     3.068066
   -1.534040     1.114549     3.068061
    1.252343     0.909895     3.085517
    1.252344    -0.909876     3.085521
   -0.478361    -1.472217     3.085519
   -1.547997     0.000008     3.085513
   -0.478362     1.472235     3.085512
    0.875774     2.695385     2.477260
    2.834082     0.000009     2.477270
    0.875777    -2.695369     2.477271
   -2.292829    -1.665828     2.477263
   -2.292831     1.665841     2.477255
    1.545092     1.810879     2.500020
    2.199697    -0.909877     2.500028
   -0.185611    -2.373203     2.500026
   -2.314419    -0.556833     2.500018
   -1.244785     2.029073     2.500014
    2.199696     0.909894     2.500024
    1.545094    -1.810863     2.500028
   -1.244783    -2.029058     2.500023
   -2.314419     0.556846     2.500015
   -0.185614     2.373219     2.500015
    1.824065     2.695384     1.891186
    3.127121    -0.901869     1.891197
    0.108596    -3.252761     1.891196
   -3.060010    -1.108439     1.891185
   -1.999792     2.567717     1.891178
    2.482113     1.803371     1.896171
    2.482115    -1.803357     1.896179
   -0.948087    -2.917899     1.896174
   -3.068071     0.000005     1.896163
   -0.948090     2.917911     1.896161
    3.127120     0.901885     1.891193
    1.824068    -2.695370     1.891198
   -1.999790    -2.567706     1.891190
   -3.060012     1.108449     1.891179
    0.108593     3.252774     1.891181
    2.792768     2.029069     0.004681
    2.792770    -2.029062     0.004690
   -1.066741    -3.283095     0.004685
   -3.452052     0.000000     0.004672
   -1.066744     3.283098     0.004670
    2.319090     2.373216     0.952031
    2.973696    -1.472221     0.952041
   -0.481248    -3.283093     0.952037
   -3.271126    -0.556837     0.952026
   -1.540422     2.938954     0.952021
    2.973694     1.472231     0.952034
    2.319092    -2.373206     0.952041
   -1.540419    -2.938947     0.952035
   -3.271126     0.556842     0.952023
   -0.481251     3.283101     0.952023
    1.642960     3.252772     0.942895
    0.582740     3.597258     0.942892
    3.601267     0.557396     0.942905
    3.601268    -0.557385     0.942908
    1.642963    -3.252763     0.942909
    0.582743    -3.597250     0.942908
   -2.585863    -2.567709     0.942899
   -3.241115    -1.665832     0.942896
   -3.241117     1.665837     0.942888
   -2.585866     2.567715     0.942887
    2.119980     2.917908    -0.000002
   -0.000002     3.606730    -0.000008
    3.430202     1.114544     0.000005
    3.430203    -1.114537     0.000010
    2.119983    -2.917902     0.000011
    0.000002    -3.606726     0.000008
   -2.119980    -2.917904     0.000002
   -3.430202    -1.114540    -0.000005
   -3.430203     1.114541    -0.000010
   -2.119983     2.917906    -0.000011
    1.066741     3.283099    -0.004684
    3.452052     0.000004    -0.004672
    1.066744    -3.283094    -0.004670
   -2.792768    -2.029065    -0.004680
   -2.792770     2.029066    -0.004690
    2.585863     2.567713    -0.942899
   -0.582743     3.597254    -0.942908
    3.241115     1.665836    -0.942896
    3.241117    -1.665833    -0.942888
    2.585865    -2.567710    -0.942888
   -0.582740    -3.597254    -0.942892
   -1.642960    -3.252769    -0.942895
   -3.601267    -0.557393    -0.942905
   -3.601268     0.557389    -0.942908
   -1.642963     3.252767    -0.942910
    1.540419     2.938952    -0.952034
    3.271126     0.556841    -0.952025
    1.540422    -2.938950    -0.952021
   -2.319090    -2.373212    -0.952030
   -2.973696     1.472224    -0.952041
    0.481248     3.283097    -0.952037
    3.271126    -0.556838    -0.952023
    0.481251    -3.283097    -0.952023
   -2.973694    -1.472228    -0.952034
   -2.319092     2.373210    -0.952042
    3.060010     1.108443    -1.891184
    1.999792    -2.567713    -1.891178
   -1.824065    -2.695380    -1.891186
   -3.127121     0.901873    -1.891197
   -0.108596     3.252765    -1.891196
    3.068071    -0.000001    -1.896163
    0.948090    -2.917906    -1.896161
   -2.482113    -1.803368    -1.896170
   -2.482115     1.803361    -1.896179
    0.948087     2.917903    -1.896174
    3.060012    -1.108445    -1.891179
   -0.108593    -3.252770    -1.891181
   -3.127120    -0.901881    -1.891193
   -1.824068     2.695374    -1.891198
    1.999790     2.567710    -1.891190
    0.767190     0.557385    -3.642750
    0.767190    -0.557396    -3.642748
   -0.293029    -0.901883    -3.642749
   -0.948282    -0.000007    -3.642752
   -0.293030     0.901871    -3.642753
    1.534039     1.114536    -3.068066
    1.534040    -1.114544    -3.068061
   -0.585941    -1.803369    -3.068064
   -1.896163    -0.000006    -3.068070
   -0.585943     1.803359    -3.068072
    1.547997    -0.000004    -3.085513
    0.478362    -1.472231    -3.085512
   -1.252343    -0.909891    -3.085517
   -1.252344     0.909880    -3.085521
    0.478361     1.472221    -3.085519
    2.292829     1.665832    -2.477262
    2.292831    -1.665837    -2.477255
   -0.875775    -2.695381    -2.477259
   -2.834082    -0.000005    -2.477270
   -0.875777     2.695373    -2.477272
    2.314419     0.556837    -2.500017
    1.244785    -2.029068    -2.500014
   -1.545092    -1.810875    -2.500020
   -2.199697     0.909881    -2.500028
    0.185612     2.373208    -2.500026
    2.314419    -0.556842    -2.500015
    0.185614    -2.373214    -2.500015
   -2.199696    -0.909891    -2.500024
   -1.545094     1.810866    -2.500029
    1.244783     2.029062    -2.500023
   -0.000009     0.000011     4.196427
    1.159858     3.569701     1.876694
    3.753394     0.000008     1.876707
    1.159862    -3.569687     1.876709
   -3.036566    -2.206187     1.876698
   -3.036568     2.206197     1.876688
    3.036566     2.206192    -1.876698
    3.036568    -2.206193    -1.876688
   -1.159858    -3.569697    -1.876693
   -3.753394    -0.000004    -1.876707
   -1.159862     3.569691    -1.876710
    0.000009    -0.000007    -4.196427
   -0.000011     0.000014     5.304271
    1.466057     4.512091     2.372135
    4.744279     0.000009     2.372152
    1.466062    -4.512075     2.372155
   -3.838210    -2.788615     2.372141
   -3.838213     2.788626     2.372128
    3.838210     2.788619    -2.372140
    3.838213    -2.788622    -2.372128
   -1.466057    -4.512087    -2.372135
   -4.744279    -0.000006    -2.372152
   -1.466062     4.512079    -2.372155
    0.000011    -0.000010    -5.304271
    0.295387     0.909152     4.734336
    0.955916     0.000013     4.734339
    0.295388    -0.909127     4.734340
   -0.773370    -0.561867     4.734337
   -0.773370     0.561891     4.734334
    0.590911     1.818677     4.158910
    1.912250     0.000012     4.158917
    0.590912    -1.818654     4.158918
   -1.547058    -1.123986     4.158913
   -1.547059     1.124008     4.158907
    1.261735     0.916722     4.175024
    1.261736    -0.916699     4.175028
   -0.481951    -1.483258     4.175026
   -1.559610     0.000011     4.175020
   -0.481953     1.483280     4.175019
    0.885219     2.724461     3.570294
    2.864650     0.000011     3.570304
    0.885222    -2.724441     3.570306
   -2.317563    -1.683794     3.570297
   -2.317565     1.683812     3.570290
    1.560722     1.829319     3.595382
    2.222061    -0.919045     3.595389
   -0.187423    -2.397306     3.595387
   -2.337906    -0.562558     3.595379
   -1.257492     2.049640     3.595375
    2.222060     0.919066     3.595385
    1.560724    -1.829298     3.595389
   -1.257490    -2.049621     3.595384
   -2.337906     0.562577     3.595376
   -0.187426     2.397326     3.595376
    1.176425     3.620697     2.972260
    3.807011     0.000010     2.972274
    1.176428    -3.620679     2.972276
   -3.079946    -2.237701     2.972265
   -3.079949     2.237716     2.972254
    1.851415     2.731566     2.995663
    3.169980    -0.916701     2.995674
    0.107731    -3.298106     2.995673
   -3.103407    -1.121629     2.995662
   -2.025751     2.604913     2.995655
    2.517820     1.829318     3.003865
    2.517822    -1.829299     3.003873
   -0.961729    -2.959875     3.003869
   -3.112212     0.000008     3.003857
   -0.961732     2.959892     3.003855
    3.169979     0.916721     2.995670
    1.851418    -2.731547     2.995675
   -2.025748    -2.604897     2.995667
   -3.103408     1.121644     2.995656
    0.107728     3.298123     2.995658
    2.132352     3.620696     2.381468
    4.102410    -0.909130     2.381482
    0.403070    -4.182560     2.381481
   -3.853306    -1.675824     2.381467
   -2.784551     3.146854     2.381458
    2.797480     2.724459     2.388458
    3.455573    -1.818657     2.388469
   -0.661825    -3.848441     2.388465
   -3.864611    -0.559800     2.388451
   -1.726643     3.502476     2.388446
    3.455571     1.818674     2.388461
    2.797482    -2.724442     2.388469
   -1.726639    -3.502462     2.388462
   -3.864611     0.559812     2.388448
   -0.661829     3.848455     2.388448
    4.102408     0.909148     2.381478
    2.132355    -3.620680     2.381484
   -2.784548    -3.146842     2.381473
   -3.853307     1.675835     2.381459
    0.403066     4.182575     2.381463
    3.585344     2.604908    -0.472176
    3.585347    -2.604903    -0.472164
   -1.369477    -4.214825    -0.472171
   -4.431729    -0.000001    -0.472187
   -1.369481     4.214826    -0.472190
    3.116831     2.959888     0.483176
    3.778172    -2.049626     0.483189
   -0.781794    -4.226623     0.483184
   -4.261348    -0.562566     0.483169
   -1.851865     3.878942     0.483163
    3.778169     2.049636     0.483180
    3.116834    -2.959879     0.483189
   -1.851861    -3.878937     0.483181
   -4.261349     0.562568     0.483166
   -0.781799     4.226628     0.483165
    2.631219     3.298121     1.436063
    3.949784    -1.483262     1.436076
   -0.190122    -4.214820     1.436073
   -4.067290    -1.121633     1.436058
   -2.323605     3.521620     1.436051
    3.299619     2.397323     1.440275
    3.299621    -2.397310     1.440285
   -1.260345    -3.878935     1.440279
   -4.078561     0.000003     1.440264
   -1.260349     3.878944     1.440261
    3.949783     1.483276     1.436069
    2.631222    -3.298108     1.436077
   -2.323602    -3.521612     1.436067
   -4.067291     1.121640     1.436053
   -0.190127     4.214830     1.436054
    1.949788     4.182573     1.425541
    0.881030     4.529833     1.425537
    4.580374     0.561886     1.425554
    4.580374    -0.561872     1.425557
    1.949792    -4.182561     1.425559
    0.881035    -4.529822     1.425557
   -3.375340    -3.146844     1.425546
   -4.035869    -2.237705     1.425542
   -4.035871     2.237712     1.425532
   -3.375343     3.146852     1.425531
    2.432274     3.848452     0.476196
    0.294304     4.543119     0.476190
    4.411705     1.124002     0.476206
    4.411706    -1.123992     0.476211
    2.432278    -3.848444     0.476213
    0.294309    -4.543113     0.476210
   -2.908476    -3.502467     0.476201
   -4.229815    -1.683802     0.476195
   -4.229816     1.683804     0.476186
   -2.908479     3.502471     0.476185
    1.369477     4.214829     0.472171
    4.431729     0.000005     0.472187
    1.369481    -4.214822     0.472190
   -3.585344    -2.604904     0.472176
   -3.585347     2.604907     0.472164
    2.908476     3.502471    -0.476201
   -0.294309     4.543117    -0.476210
    4.229815     1.683806    -0.476194
    4.229816    -1.683800    -0.476187
    2.908479    -3.502467    -0.476186
   -0.294304    -4.543116    -0.476190
   -2.432274    -3.848448    -0.476196
   -4.411705    -1.123999    -0.476206
   -4.411706     1.123996    -0.476211
   -2.432278     3.848448    -0.476213
    1.851861     3.878941    -0.483181
    4.261348     0.562570    -0.483168
    1.851865    -3.878938    -0.483164
   -3.116831    -2.959884    -0.483176
   -3.778171     2.049630    -0.483189
    0.781794     4.226626    -0.483184
    4.261349    -0.562564    -0.483166
    0.781799    -4.226624    -0.483165
   -3.778169    -2.049632    -0.483179
   -3.116834     2.959883    -0.483190
    3.375340     3.146848    -1.425545
   -0.881035     4.529826    -1.425558
    4.035869     2.237709    -1.425542
    4.035871    -2.237708    -1.425532
    3.375343    -3.146847    -1.425532
   -0.881030    -4.529829    -1.425537
   -1.949788    -4.182569    -1.425540
   -4.580374    -0.561883    -1.425554
   -4.580374     0.561875    -1.425557
   -1.949792     4.182565    -1.425559
    2.323602     3.521616    -1.436067
    4.067290     1.121637    -1.436058
    2.323605    -3.521616    -1.436052
   -2.631219    -3.298117    -1.436062
   -3.949784     1.483266    -1.436076
    1.260345     3.878939    -1.440279
    4.078561     0.000001    -1.440264
    1.260349    -3.878940    -1.440262
   -3.299619    -2.397319    -1.440274
   -3.299621     2.397314    -1.440286
    0.190122     4.214824    -1.436073
    4.067291    -1.121636    -1.436053
    0.190127    -4.214826    -1.436054
   -3.949783    -1.483272    -1.436069
   -2.631222     3.298112    -1.436077
    3.853306     1.675828    -2.381467
    2.784551    -3.146850    -2.381458
   -2.132352    -3.620693    -2.381467
   -4.102409     0.909134    -2.381482
   -0.403070     4.182564    -2.381481
    3.864611     0.559805    -2.388451
    1.726643    -3.502471    -2.388446
   -2.797480    -2.724456    -2.388457
   -3.455573     1.818660    -2.388469
    0.661825     3.848445    -2.388465
    3.864611    -0.559807    -2.388448
    0.661829    -3.848451    -2.388448
   -3.455572    -1.818671    -2.388461
   -2.797482     2.724446    -2.388470
    1.726639     3.502466    -2.388462
    3.853307    -1.675831    -2.381459
   -0.403066    -4.182571    -2.381463
   -4.102409    -0.909145    -2.381478
   -2.132355     3.620684    -2.381484
    2.784548     3.146846    -2.381472
    0.773370     0.561871    -4.734337
    0.773370    -0.561887    -4.734334
   -0.295387    -0.909148    -4.734335
   -0.955916    -0.000009    -4.734339
   -0.295388     0.909131    -4.734340
    1.547058     1.123991    -4.158913
    1.547059    -1.124004    -4.158907
   -0.590911    -1.818673    -4.158910
   -1.912250    -0.000008    -4.158917
   -0.590912     1.818658    -4.158918
    1.559610    -0.000006    -4.175020
    0.481953    -1.483276    -4.175019
   -1.261735    -0.916719    -4.175024
   -1.261736     0.916702    -4.175028
    0.481951     1.483262    -4.175026
    2.317563     1.683799    -3.570297
    2.317565    -1.683808    -3.570290
   -0.885219    -2.724457    -3.570294
   -2.864650    -0.000008    -3.570304
   -0.885222     2.724444    -3.570307
    2.337906     0.562563    -3.595379
    1.257492    -2.049636    -3.595375
   -1.560722    -1.829316    -3.595381
   -2.222061     0.919048    -3.595389
    0.187423     2.397311    -3.595387
    2.337906    -0.562572    -3.595376
    0.187426    -2.397322    -3.595376
   -2.222060    -0.919063    -3.595385
   -1.560724     1.829302    -3.595390
    1.257490     2.049625    -3.595384
    3.079947     2.237705    -2.972264
    3.079949    -2.237711    -2.972254
   -1.176425    -3.620693    -2.972260
   -3.807011    -0.000007    -2.972274
   -1.176428     3.620683    -2.972276
    3.103407     1.121633    -2.995661
    2.025751    -2.604909    -2.995655
   -1.851415    -2.731562    -2.995663
   -3.169980     0.916704    -2.995674
   -0.107731     3.298110    -2.995673
    3.112212    -0.000003    -3.003857
    0.961732    -2.959888    -3.003855
   -2.517820    -1.829315    -3.003865
   -2.517822     1.829303    -3.003874
    0.961729     2.959880    -3.003868
    3.103408    -1.121639    -2.995656
   -0.107728    -3.298119    -2.995658
   -3.169979    -0.916717    -2.995670
   -1.851418     2.731551    -2.995676
    2.025748     2.604902    -2.995667
