       0.000000     0.000000    -0.000000
      -0.000002     0.000002     1.013610
       0.280154    -0.862227     0.453303
      -0.733456    -0.532886     0.453300
      -0.733456     0.532887     0.453298
       0.280154     0.862229     0.453299
       0.906600     0.000001     0.453302
      -0.280154    -0.862229    -0.453299
      -0.906600    -0.000001    -0.453302
      -0.280154     0.862227    -0.453303
       0.733456     0.532886    -0.453300
       0.733456    -0.532887    -0.453298
       0.000002    -0.000002    -1.013610
       0.286547     0.881916     1.500398
       0.927295     0.000004     1.500401
       0.286548    -0.881909     1.500402
      -0.750203    -0.545049     1.500399
      -0.750203     0.545055     1.500396
       1.213846     0.881915     0.927298
       1.213847    -0.881910     0.927302
      -0.463650    -1.426963     0.927300
      -1.500401     0.000001     0.927295
      -0.463652     1.426966     0.927294
       1.036750     1.426965    -0.000001
      -0.000001     1.763825    -0.000004
       1.677497     0.545053     0.000002
       1.677498    -0.545051     0.000005
       1.036751    -1.426964     0.000005
       0.000001    -1.763825     0.000004
      -1.036750    -1.426965     0.000001
      -1.677497    -0.545053    -0.000002
      -1.677498     0.545051    -0.000005
      -1.036751     1.426964    -0.000005
       1.500401    -0.000001    -0.927295
       0.463652    -1.426966    -0.927294
      -1.213846    -0.881915    -0.927298
      -1.213847     0.881910    -0.927302
       0.463650     1.426963    -0.927300
       0.750203     0.545049    -1.500399
       0.750203    -0.545055    -1.500396
      -0.286547    -0.881916    -1.500398
      -0.927295    -0.000004    -1.500401
      -0.286548     0.881909    -1.500402
      -0.000004     0.000005     2.048910
       0.566302     1.742910     0.916298
       1.832599     0.000003     0.916304
       0.566304    -1.742905     0.916306
      -1.482607    -1.077175     0.916300
      -1.482608     1.077177     0.916295
       1.482607     1.077175    -0.916300
       1.482608    -1.077177    -0.916295
      -0.566302    -1.742910    -0.916298
      -1.832599    -0.000003    -0.916304
      -0.566304     1.742905    -0.916306
       0.000004    -0.000005    -2.048910
       0.289503     0.891024     2.555626
       0.936866     0.000006     2.555629
       0.289504    -0.891012     2.555630
      -0.757950    -0.550674     2.555627
      -0.757951     0.550685     2.555624
       0.576880     1.775476     1.980872
       1.866836     0.000005     1.980879
       0.576882    -1.775466     1.980880
      -1.510309    -1.097298     1.980874
      -1.510311     1.097305     1.980869
       1.234159     0.896677     1.996919
       1.234160    -0.896667     1.996923
      -0.471412    -1.450842     1.996921
      -1.525514     0.000004     1.996916
      -0.471414     1.450851     1.996914
       1.513753     1.775475     1.401855
       2.156347    -0.891014     1.401863
      -0.181062    -2.326147     1.401861
      -2.268254    -0.546620     1.401853
      -1.220800     1.988322     1.401849
       2.156347     0.891022     1.401859
       1.513755    -1.775467     1.401863
      -1.220798    -1.988317     1.401858
      -2.268254     0.546624     1.401850
      -0.181064     2.326153     1.401851
       1.334829     2.326152     0.464982
       0.287374     2.666490     0.464979
       2.624785     0.550682     0.464989
       2.624785    -0.550677     0.464991
       1.334831    -2.326149     0.464992
       0.287376    -2.666488     0.464991
      -1.799815    -1.988319     0.464985
      -2.447178    -1.097301     0.464982
      -2.447179     1.097301     0.464977
      -1.799817     1.988320     0.464976
       1.799815     1.988319    -0.464985
      -0.287376     2.666488    -0.464991
       2.447178     1.097302    -0.464982
       2.447179    -1.097301    -0.464977
       1.799817    -1.988320    -0.464976
      -0.287374    -2.666490    -0.464979
      -1.334829    -2.326152    -0.464982
      -2.624785    -0.550682    -0.464989
      -2.624785     0.550677    -0.464991
      -1.334831     2.326149    -0.464992
       0.762755     2.347518    -0.471412
       2.468328     0.000000    -0.471403
       0.762757    -2.347519    -0.471402
      -1.996917    -1.450848    -0.471409
      -1.996918     1.450844    -0.471416
       1.996917     1.450848     0.471410
       1.996918    -1.450844     0.471416
      -0.762755    -2.347518     0.471412
      -2.468328    -0.000000     0.471403
      -0.762757     2.347519     0.471402
       2.268254     0.546620    -1.401853
       1.220800    -1.988322    -1.401849
      -1.513753    -1.775475    -1.401855
      -2.156347     0.891014    -1.401863
       0.181062     2.326147    -1.401861
       2.268254    -0.546624    -1.401850
       0.181064    -2.326153    -1.401851
      -2.156347    -0.891022    -1.401859
      -1.513755     1.775467    -1.401863
       1.220798     1.988317    -1.401858
       0.757950     0.550674    -2.555627
       0.757951    -0.550685    -2.555624
      -0.289503    -0.891024    -2.555626
      -0.936866    -0.000006    -2.555629
      -0.289504     0.891012    -2.555630
       1.510309     1.097298    -1.980874
       1.510311    -1.097305    -1.980869
      -0.576880    -1.775476    -1.980872
      -1.866836    -0.000005    -1.980879
      -0.576882     1.775466    -1.980880
       1.525514    -0.000004    -1.996916
       0.471413    -1.450851    -1.996914
      -1.234159    -0.896677    -1.996919
      -1.234160     0.896667    -1.996923
       0.471412     1.450842    -1.996921
      -0.000007     0.000007     3.101399
       0.857201     2.638211     1.386984
       2.773972     0.000004     1.386994
       0.857204    -2.638204     1.386995
      -2.244195    -1.630500     1.386987
      -2.244197     1.630504     1.386979
       2.244195     1.630500    -1.386987
       2.244197    -1.630504    -1.386979
      -0.857201    -2.638211    -1.386984
      -2.773972    -0.000005    -1.386994
      -0.857204     2.638204    -1.386995
       0.000007    -0.000007    -3.101399
       0.291345     0.896701     3.620534
       0.942831     0.000009     3.620538
       0.291346    -0.896685     3.620539
      -0.762780    -0.554179     3.620536
      -0.762780     0.554194     3.620533
       0.582483     1.792729     3.049958
       1.884973     0.000008     3.049965
       0.582485    -1.792715     3.049966
      -1.524986    -1.107957     3.049960
      -1.524987     1.107969     3.049955
       1.245057     0.904599     3.067287
       1.245058    -0.904584     3.067291
      -0.475578    -1.463654     3.067289
      -1.538990     0.000006     3.067283
      -0.475579     1.463667     3.067282
       0.870388     2.678804     2.462449
       2.816650     0.000007     2.462459
       0.870391    -2.678793     2.462461
      -2.278727    -1.655584     2.462452
      -2.278728     1.655593     2.462445
       1.536025     1.800104     2.485350
       2.186650    -0.904585     2.485358
      -0.184609    -2.359161     2.485356
      -2.300752    -0.553449     2.485348
      -1.237341     2.017119     2.485344
       2.186649     0.904599     2.485354
       1.536027    -1.800092     2.485358
      -1.237339    -2.017109     2.485353
      -2.300752     0.553458     2.485345
      -0.184611     2.359172     2.485346
       1.813228     2.678804     1.879745
       3.108005    -0.896687     1.879756
       0.107620    -3.232981     1.879755
      -3.041498    -1.101399     1.879743
      -1.987374     2.552285     1.879737
       2.467465     1.792727     1.884981
       2.467467    -1.792717     1.884989
      -0.942492    -2.900681     1.884984
      -3.049965     0.000003     1.884973
      -0.942495     2.900689     1.884971
       3.108004     0.896698     1.879752
       1.813230    -2.678793     1.879757
      -1.987372    -2.552278     1.879749
      -3.041499     1.101405     1.879738
       0.107616     3.232989     1.879740
       1.633163     3.232988     0.936905
       0.579038     3.575494     0.936902
       3.579426     0.554190     0.936915
       3.579426    -0.554183     0.936917
       1.633166    -3.232982     0.936919
       0.579041    -3.575489     0.936918
      -2.570076    -2.552280     0.936909
      -3.221562    -1.655588     0.936905
      -3.221564     1.655589     0.936898
      -2.570079     2.552282     0.936897
       2.107470     2.900686    -0.000002
      -0.000002     3.585444    -0.000008
       3.409960     1.107965     0.000005
       3.409961    -1.107962     0.000010
       2.107473    -2.900684     0.000011
       0.000002    -3.585444     0.000008
      -2.107470    -2.900686     0.000002
      -3.409960    -1.107965    -0.000005
      -3.409961     1.107962    -0.000010
      -2.107473     2.900684    -0.000011
       1.060458     3.263759    -0.004782
       3.431719     0.000002    -0.004770
       1.060461    -3.263758    -0.004767
      -2.776318    -2.017115    -0.004778
      -2.776320     2.017112    -0.004787
       2.570076     2.552281    -0.936909
      -0.579041     3.575489    -0.936918
       3.221562     1.655588    -0.936905
       3.221564    -1.655589    -0.936898
       2.570079    -2.552282    -0.936897
      -0.579038    -3.575494    -0.936902
      -1.633163    -3.232988    -0.936905
      -3.579426    -0.554191    -0.936915
      -3.579426     0.554183    -0.936917
      -1.633166     3.232982    -0.936919
       1.531255     2.921704    -0.946371
       3.251893     0.553453    -0.946362
       1.531258    -2.921707    -0.946358
      -2.305520    -2.359170    -0.946367
      -2.956145     1.463657    -0.946377
       0.478525     3.263757    -0.946374
       3.251893    -0.553454    -0.946359
       0.478528    -3.263760    -0.946359
      -2.956144    -1.463664    -0.946370
      -2.305523     2.359163    -0.946378
       2.776318     2.017115     0.004778
       2.776320    -2.017112     0.004787
      -1.060458    -3.263759     0.004782
      -3.431719    -0.000002     0.004770
      -1.060461     3.263758     0.004767
       2.305520     2.359170     0.946367
       2.956145    -1.463657     0.946377
      -0.478525    -3.263757     0.946374
      -3.251893    -0.553453     0.946362
      -1.531258     2.921707     0.946358
       2.956144     1.463664     0.946370
       2.305523    -2.359163     0.946378
      -1.531255    -2.921704     0.946371
      -3.251893     0.553454     0.946359
      -0.478528     3.263760     0.946359
       3.041498     1.101399    -1.879743
       1.987374    -2.552285    -1.879737
      -1.813228    -2.678804    -1.879745
      -3.108005     0.896687    -1.879756
      -0.107620     3.232981    -1.879755
       3.049965    -0.000003    -1.884973
       0.942495    -2.900689    -1.884971
      -2.467465    -1.792728    -1.884981
      -2.467467     1.792717    -1.884989
       0.942492     2.900682    -1.884984
       3.041499    -1.101405    -1.879738
      -0.107616    -3.232989    -1.879740
      -3.108004    -0.896699    -1.879752
      -1.813230     2.678793    -1.879757
       1.987372     2.552278    -1.879749
       0.762780     0.554179    -3.620536
       0.762780    -0.554194    -3.620533
      -0.291345    -0.896701    -3.620534
      -0.942831    -0.000009    -3.620538
      -0.291346     0.896685    -3.620539
       1.524986     1.107957    -3.049960
       1.524987    -1.107969    -3.049955
      -0.582483    -1.792729    -3.049958
      -1.884973    -0.000008    -3.049965
      -0.582485     1.792715    -3.049966
       1.538990    -0.000006    -3.067283
       0.475579    -1.463667    -3.067282
      -1.245057    -0.904600    -3.067287
      -1.245058     0.904584    -3.067291
       0.475578     1.463654    -3.067289
       2.278727     1.655584    -2.462452
       2.278728    -1.655593    -2.462445
      -0.870388    -2.678805    -2.462449
      -2.816650    -0.000007    -2.462459
      -0.870391     2.678793    -2.462461
       2.300752     0.553449    -2.485348
       1.237341    -2.017119    -2.485344
      -1.536025    -1.800104    -2.485350
      -2.186650     0.904585    -2.485358
       0.184609     2.359161    -2.485356
       2.300752    -0.553458    -2.485345
       0.184611    -2.359172    -2.485346
      -2.186649    -0.904599    -2.485354
      -1.536027     1.800092    -2.485359
       1.237339     2.017109    -2.485353
      -0.000009     0.000009     4.167687
       1.151915     3.545251     1.863841
       3.727689     0.000006     1.863854
       1.151918    -3.545242     1.863857
      -3.015770    -2.191080     1.863845
      -3.015772     2.191086     1.863835
       3.015770     2.191080    -1.863845
       3.015772    -2.191085    -1.863835
      -1.151915    -3.545251    -1.863841
      -3.727689    -0.000006    -1.863854
      -1.151918     3.545242    -1.863857
       0.000009    -0.000009    -4.167687
       0.292732     0.900978     4.695910
       0.947323     0.000011     4.695914
       0.292732    -0.900956     4.695914
      -0.766418    -0.556818     4.695911
      -0.766419     0.556839     4.695909
       0.586157     1.804043     4.126444
       1.896865     0.000010     4.126451
       0.586158    -1.804024     4.126452
      -1.534611    -1.114946     4.126446
      -1.534612     1.114963     4.126441
       1.252354     0.909905     4.143339
       1.252355    -0.909885     4.143343
      -0.478368    -1.472232     4.143341
      -1.548014     0.000009     4.143335
      -0.478370     1.472250     4.143334
       0.878372     2.703385     3.542014
       2.842491     0.000009     3.542024
       0.878374    -2.703369     3.542026
      -2.299637    -1.670772     3.542018
      -2.299638     1.670786     3.542010
       1.549032     1.815456     3.568205
       2.205265    -0.912212     3.568212
      -0.186113    -2.379223     3.568211
      -2.320300    -0.558217     3.568202
      -1.247921     2.034236     3.568198
       2.205264     0.912230     3.568208
       1.549034    -1.815438     3.568213
      -1.247919    -2.034221     3.568208
      -2.320301     0.558231     3.568199
      -0.186116     2.379238     3.568200
       1.166992     3.591663     2.947390
       3.776485     0.000008     2.947404
       1.166995    -3.591649     2.947406
      -3.055250    -2.219760     2.947394
      -3.055253     2.219771     2.947384
       1.837472     2.710707     2.973103
       3.145835    -0.909887     2.973113
       0.106752    -3.273039     2.973112
      -3.079867    -1.112953     2.973101
      -2.010224     2.585205     2.973095
       2.498741     1.815455     2.981255
       2.498743    -1.815439     2.981263
      -0.954442    -2.937448     2.981259
      -3.088629     0.000005     2.981247
      -0.954445     2.937461     2.981245
       3.145834     0.909903     2.973109
       1.837475    -2.710692     2.973115
      -2.010221    -2.585194     2.973106
      -3.079868     1.112964     2.973096
       0.106749     3.273052     2.973098
       2.114326     3.591662     2.361908
       4.069228    -0.900960     2.361922
       0.400588    -4.148479     2.361922
      -3.821658    -1.662934     2.361908
      -2.762510     3.120737     2.361899
       2.775248     2.703384     2.369686
       3.428661    -1.804027     2.369697
      -0.656226    -3.818326     2.369693
      -3.834238    -0.555821     2.369679
      -1.713470     3.474817     2.369675
       3.428659     1.804041     2.369689
       2.775250    -2.703370     2.369698
      -1.713467    -3.474808     2.369691
      -3.834238     0.555828     2.369677
      -0.656229     3.818336     2.369676
       4.069227     0.900974     2.361918
       2.114330    -3.591650     2.361924
      -2.762507    -3.120729     2.361913
      -3.821659     1.662941     2.361900
       0.400584     4.148490     2.361903
       1.933403     4.148489     1.414574
       0.874253     4.492627     1.414571
       4.542896     0.556834     1.414587
       4.542897    -0.556823     1.414590
       1.933407    -4.148480     1.414592
       0.874257    -4.492620     1.414591
      -3.347989    -3.120731     1.414579
      -4.002580    -2.219764     1.414576
      -4.002582     2.219767     1.414565
      -3.347992     3.120734     1.414565
       2.412981     3.818334     0.472809
       0.292211     4.507412     0.472803
       4.377100     1.114957     0.472819
       4.377101    -1.114951     0.472824
       2.412984    -3.818329     0.472826
       0.292216    -4.507410     0.472823
      -2.885795    -3.474813     0.472815
      -4.196504    -1.670780     0.472808
      -4.196505     1.670778     0.472800
      -2.885799     3.474813     0.472799
       1.359117     4.182942     0.468373
       4.398203     0.000003     0.468388
       1.359121    -4.182939     0.468391
      -3.558221    -2.585200     0.468377
      -3.558224     2.585199     0.468366
       2.885795     3.474813    -0.472814
      -0.292216     4.507410    -0.472823
       4.196504     1.670780    -0.472808
       4.196505    -1.670778    -0.472800
       2.885799    -3.474812    -0.472799
      -0.292211    -4.507412    -0.472803
      -2.412981    -3.818334    -0.472809
      -4.377100    -1.114957    -0.472819
      -4.377101     1.114951    -0.472824
      -2.412984     3.818329    -0.472826
       1.837786     3.849676    -0.479588
       4.229167     0.558225    -0.479575
       1.837790    -3.849676    -0.479571
      -3.093349    -2.937457    -0.479583
      -3.749584     2.034226    -0.479596
       0.775981     4.194677    -0.479591
       4.229168    -0.558223    -0.479573
       0.775985    -4.194678    -0.479572
      -3.749582    -2.034232    -0.479586
      -3.093352     2.937452    -0.479596
       3.347989     3.120731    -1.414579
      -0.874257     4.492620    -1.414591
       4.002580     2.219764    -1.414575
       4.002582    -2.219767    -1.414566
       3.347992    -3.120734    -1.414565
      -0.874253    -4.492627    -1.414571
      -1.933403    -4.148489    -1.414574
      -4.542896    -0.556834    -1.414587
      -4.542897     0.556823    -1.414590
      -1.933407     4.148480    -1.414592
       2.305860     3.495092    -1.425102
       4.036584     1.112957    -1.425093
       2.305863    -3.495096    -1.425086
      -2.611478    -3.273050    -1.425097
      -3.919841     1.472236    -1.425111
       1.250837     3.849673    -1.429297
       4.047792    -0.000001    -1.429282
       1.250840    -3.849678    -1.429280
      -3.274726    -2.379235    -1.429292
      -3.274728     2.379226    -1.429303
       0.188887     4.182937    -1.425108
       4.036585    -1.112960    -1.425088
       0.188891    -4.182943    -1.425089
      -3.919840    -1.472246    -1.425104
      -2.611481     3.273041    -1.425112
       3.558221     2.585200    -0.468377
       3.558224    -2.585199    -0.468366
      -1.359117    -4.182942    -0.468372
      -4.398203    -0.000003    -0.468388
      -1.359121     4.182939    -0.468391
       3.093349     2.937457     0.479583
       3.749584    -2.034226     0.479595
      -0.775981    -4.194677     0.479591
      -4.229167    -0.558225     0.479575
      -1.837790     3.849676     0.479570
       3.749582     2.034232     0.479586
       3.093352    -2.937452     0.479596
      -1.837786    -3.849676     0.479588
      -4.229168     0.558223     0.479573
      -0.775985     4.194678     0.479572
       2.611478     3.273050     1.425097
       3.919841    -1.472236     1.425111
      -0.188887    -4.182937     1.425108
      -4.036584    -1.112957     1.425093
      -2.305864     3.495096     1.425086
       3.274726     2.379235     1.429292
       3.274728    -2.379226     1.429303
      -1.250837    -3.849673     1.429297
      -4.047792     0.000001     1.429282
      -1.250840     3.849678     1.429279
       3.919840     1.472246     1.425104
       2.611481    -3.273041     1.425112
      -2.305860    -3.495092     1.425102
      -4.036585     1.112960     1.425088
      -0.188891     4.182943     1.425089
       3.821658     1.662934    -2.361907
       2.762510    -3.120737    -2.361899
      -2.114326    -3.591663    -2.361908
      -4.069228     0.900960    -2.361923
      -0.400588     4.148479    -2.361922
       3.834238     0.555821    -2.369679
       1.713470    -3.474817    -2.369675
      -2.775248    -2.703384    -2.369686
      -3.428661     1.804027    -2.369698
       0.656226     3.818326    -2.369693
       3.834238    -0.555828    -2.369677
       0.656229    -3.818336    -2.369676
      -3.428659    -1.804041    -2.369689
      -2.775250     2.703370    -2.369698
       1.713467     3.474808    -2.369690
       3.821659    -1.662941    -2.361900
      -0.400584    -4.148490    -2.361903
      -4.069227    -0.900975    -2.361918
      -2.114329     3.591650    -2.361924
       2.762507     3.120729    -2.361913
       0.766418     0.556818    -4.695911
       0.766419    -0.556838    -4.695909
      -0.292732    -0.900978    -4.695910
      -0.947323    -0.000011    -4.695914
      -0.292732     0.900956    -4.695914
       1.534611     1.114946    -4.126446
       1.534612    -1.114963    -4.126441
      -0.586157    -1.804044    -4.126444
      -1.896865    -0.000010    -4.126451
      -0.586158     1.804024    -4.126452
       1.548014    -0.000009    -4.143335
       0.478370    -1.472250    -4.143334
      -1.252354    -0.909905    -4.143339
      -1.252355     0.909885    -4.143343
       0.478368     1.472232    -4.143341
       2.299637     1.670772    -3.542017
       2.299638    -1.670786    -3.542010
      -0.878372    -2.703386    -3.542014
      -2.842491    -0.000009    -3.542024
      -0.878374     2.703369    -3.542026
       2.320300     0.558217    -3.568202
       1.247921    -2.034236    -3.568198
      -1.549032    -1.815456    -3.568205
      -2.205265     0.912212    -3.568212
       0.186113     2.379223    -3.568211
       2.320301    -0.558231    -3.568200
       0.186116    -2.379238    -3.568200
      -2.205264    -0.912230    -3.568208
      -1.549034     1.815438    -3.568213
       1.247919     2.034222    -3.568208
       3.055250     2.219761    -2.947394
       3.055253    -2.219771    -2.947384
      -1.166992    -3.591663    -2.947390
      -3.776485    -0.000009    -2.947404
      -1.166995     3.591649    -2.947406
       3.079867     1.112953    -2.973101
       2.010224    -2.585205    -2.973095
      -1.837472    -2.710707    -2.973102
      -3.145835     0.909886    -2.973113
      -0.106752     3.273039    -2.973112
       3.088629    -0.000005    -2.981247
       0.954445    -2.937461    -2.981245
      -2.498741    -1.815455    -2.981255
      -2.498743     1.815439    -2.981263
       0.954442     2.937449    -2.981258
       3.079868    -1.112964    -2.973096
      -0.106749    -3.273052    -2.973098
      -3.145834    -0.909903    -2.973109
      -1.837475     2.710692    -2.973115
       2.010221     2.585194    -2.973106
      -0.000011     0.000012     5.248590
       1.450667     4.464723     2.347234
       4.694477     0.000007     2.347251
       1.450672    -4.464711     2.347254
      -3.797919    -2.759344     2.347239
      -3.797922     2.759351     2.347227
       3.797919     2.759344    -2.347239
       3.797922    -2.759350    -2.347227
      -1.450668    -4.464723    -2.347234
      -4.694477    -0.000008    -2.347251
      -1.450672     4.464711    -2.347254
       0.000011    -0.000012    -5.248590
       0.294794     0.907335     5.789696
       0.954002     0.000013     5.789700
       0.294795    -0.907308     5.789700
      -0.771826    -0.560743     5.789697
      -0.771826     0.560768     5.789695
       0.590081     1.816130     5.217978
       1.909569     0.000013     5.217985
       0.590082    -1.816106     5.217986
      -1.544893    -1.122412     5.217980
      -1.544894     1.122434     5.217975
       1.259238     0.914911     5.232645
       1.259239    -0.914886     5.232649
      -0.481001    -1.480325     5.232647
      -1.556529     0.000011     5.232641
      -0.481002     1.480348     5.232640
       0.885066     2.723999     4.634321
       2.864161     0.000012     4.634331
       0.885069    -2.723977     4.634333
      -2.317172    -1.683508     4.634324
      -2.317173     1.683527     4.634317
       1.559565     1.828316     4.660431
       2.220747    -0.918256     4.660438
      -0.187081    -2.395814     4.660436
      -2.336383    -0.562424     4.660428
      -1.256896     2.048231     4.660424
       2.220746     0.918279     4.660434
       1.559566    -1.828293     4.660439
      -1.256894    -2.048211     4.660433
      -2.336383     0.562443     4.660425
      -0.187084     2.395835     4.660426
       1.178307     3.626497     4.041526
       3.813105     0.000011     4.041540
       1.178310    -3.626477     4.041543
      -3.084881    -2.241284     4.041531
      -3.084884     2.241300     4.041520
       1.854525     2.736106     4.070511
       3.175256    -0.918257     4.070522
       0.107880    -3.303607     4.070521
      -3.108595    -1.123472     4.070509
      -2.029109     2.609276     4.070503
       2.521913     1.832295     4.080558
       2.521915    -1.832274     4.080567
      -0.963296    -2.964690     4.080562
      -3.117277     0.000008     4.080551
      -0.963299     2.964707     4.080548
       3.175255     0.918278     4.070518
       1.854527    -2.736086     4.070523
      -2.029106    -2.609259     4.070515
      -3.108596     1.123488     4.070504
       0.107876     3.303625     4.070506
       1.468382     4.519253     3.442521
       4.751807     0.000010     3.442538
       1.468386    -4.519236     3.442541
      -3.844305    -2.793041     3.442526
      -3.844308     2.793053     3.442513
       2.142354     3.632852     3.466413
       4.117059    -0.914889     3.466427
       0.402118    -4.198273     3.466427
      -3.868546    -1.679776     3.466412
      -2.793021     3.160125     3.466403
       2.811396     2.736105     3.479135
       3.470947    -1.828295     3.479146
      -0.666243    -3.866042     3.479142
      -3.882718    -0.561040     3.479128
      -1.733419     3.519312     3.479123
       3.470945     1.828314     3.479138
       2.811398    -2.736087     3.479147
      -1.733416    -3.519297     3.479139
      -3.882718     0.561052     3.479125
      -0.666246     3.866057     3.479125
       4.117058     0.914908     3.466423
       2.142358    -3.632834     3.466429
      -2.793018    -3.160112     3.466418
      -3.868548     1.679788     3.466404
       0.402114     4.198289     3.466408
       2.422398     4.519252     2.852910
       5.046616    -0.907313     2.852927
       0.696574    -5.079993     2.852927
      -4.616118    -2.232287     2.852910
      -3.549500     3.700373     2.852899
       3.087889     3.626495     2.861345
       4.403201    -1.816110     2.861360
      -0.366569    -4.748903     2.861357
      -4.629762    -1.118865     2.861340
      -2.494790     4.057416     2.861332
       3.749241     2.723996     2.864173
       3.749243    -2.723980     2.864185
      -1.432089    -4.407500     2.864178
      -4.634332     0.000004     2.864161
      -1.432094     4.407511     2.864158
       4.403200     1.816127     2.861352
       3.087892    -3.626479     2.861361
      -2.494785    -4.057405     2.861351
      -4.629763     1.118874     2.861335
      -0.366574     4.748916     2.861335
       5.046615     0.907330     2.852923
       2.422402    -4.519237     2.852930
      -3.549496    -3.700363     2.852915
      -4.616120     2.232295     2.852900
       0.696569     5.080007     2.852905
       2.240199     5.080005     1.898894
       1.173578     5.426571     1.898891
       5.523624     0.560762     1.898911
       5.523625    -0.560749     1.898913
       2.240204    -5.079995     1.898916
       1.173584    -5.426561     1.898915
      -4.139108    -3.700366     1.898900
      -4.798316    -2.793045     1.898897
      -4.798319     2.793049     1.898884
      -4.139111     3.700370     1.898883
       2.723195     4.748913     0.951762
       0.588220     5.442608     0.951756
       5.357994     1.122428     0.951776
       5.357995    -1.122418     0.951781
       2.723200    -4.748906     0.951783
       0.588225    -5.442603     0.951781
      -3.674967    -4.057410     0.951769
      -4.994455    -2.241292     0.951762
      -4.994457     2.241292     0.951751
      -3.674971     4.057411     0.951750
       1.661368     5.113182     0.947910
       5.376313     0.000005     0.947929
       1.661373    -5.113177     0.947933
      -4.349531    -3.160119     0.947916
      -4.349534     3.160119     0.947901
       3.202238     4.407507    -0.000003
      -0.000003     5.447976    -0.000012
       5.181333     1.683520     0.000007
       5.181334    -1.683515     0.000015
       3.202242    -4.407504     0.000017
       0.000003    -5.447976     0.000012
      -3.202238    -4.407507     0.000003
      -5.181333    -1.683520    -0.000007
      -5.181334     1.683515    -0.000015
      -3.202242     4.407504    -0.000017
       2.145895     4.784318    -0.005514
       5.213274     0.562436    -0.005498
       2.145899    -4.784316    -0.005492
      -3.887036    -3.519306    -0.005508
      -4.548219     2.609265    -0.005523
       1.076082     5.131921    -0.005517
       5.213275    -0.562431    -0.005495
       1.076087    -5.131920    -0.005494
      -4.548217    -2.609270    -0.005511
      -3.887039     3.519303    -0.005524
       3.674967     4.057410    -0.951768
      -0.588225     5.442603    -0.951781
       4.994455     2.241293    -0.951762
       4.994457    -2.241292    -0.951752
       3.674971    -4.057411    -0.951750
      -0.588220    -5.442608    -0.951756
      -2.723195    -4.748913    -0.951762
      -5.357994    -1.122428    -0.951776
      -5.357995     1.122418    -0.951781
      -2.723200     4.748906    -0.951784
       2.623151     4.437571    -0.960020
       5.030981     1.123480    -0.960008
       2.623155    -4.437573    -0.960000
      -3.409779    -3.866054    -0.960014
      -4.730512     2.048217    -0.960030
       1.558634     4.796981    -0.963296
       5.043848     0.000000    -0.963278
       1.558638    -4.796984    -0.963275
      -4.080554    -2.964702    -0.963291
      -4.080557     2.964694    -0.963304
       0.486165     5.131918    -0.960026
       5.030982    -1.123479    -0.960003
       0.486170    -5.131922    -0.960003
      -4.730510    -2.048226    -0.960021
      -3.409783     3.866046    -0.960032
       4.139108     3.700366    -1.898900
      -1.173584     5.426561    -1.898915
       4.798316     2.793045    -1.898896
       4.798319    -2.793048    -1.898884
       4.139111    -3.700370    -1.898883
      -1.173578    -5.426571    -1.898890
      -2.240199    -5.080005    -1.898893
      -5.523624    -0.560763    -1.898911
      -5.523625     0.560748    -1.898913
      -2.240204     5.079994    -1.898917
       3.090283     4.075014    -1.909901
       4.830524     1.679781    -1.909892
       3.090287    -4.075020    -1.909883
      -2.920616    -4.198287    -1.909895
      -4.895321     1.480330    -1.909912
       2.031775     4.437568    -1.916891
       4.848238     0.561044    -1.916877
       2.031779    -4.437575    -1.916871
      -3.592523    -3.303622    -1.916885
      -4.252075     2.395818    -1.916900
       0.964602     4.784313    -1.916894
       4.848238    -0.561048    -1.916874
       0.964607    -4.784321    -1.916873
      -4.252073    -2.395831    -1.916889
      -3.592527     3.303610    -1.916901
      -0.104853     5.113175    -1.909910
       4.830526    -1.679784    -1.909885
      -0.104848    -5.113184    -1.909887
      -4.895320    -1.480343    -1.909906
      -2.920620     4.198276    -1.909914
       4.349531     3.160119    -0.947916
       4.349534    -3.160119    -0.947902
      -1.661368    -5.113183    -0.947910
      -5.376313    -0.000005    -0.947929
      -1.661373     5.113177    -0.947933
       3.887036     3.519306     0.005508
       4.548219    -2.609265     0.005523
      -1.076081    -5.131921     0.005517
      -5.213274    -0.562436     0.005498
      -2.145899     4.784316     0.005492
       4.548217     2.609270     0.005511
       3.887039    -3.519303     0.005523
      -2.145895    -4.784318     0.005514
      -5.213275     0.562431     0.005495
      -1.076087     5.131920     0.005494
       3.409779     3.866054     0.960014
       4.730512    -2.048217     0.960030
      -0.486165    -5.131918     0.960026
      -5.030981    -1.123480     0.960008
      -2.623155     4.437573     0.960000
       4.080554     2.964702     0.963291
       4.080557    -2.964694     0.963304
      -1.558634    -4.796981     0.963296
      -5.043848    -0.000000     0.963278
      -1.558639     4.796984     0.963275
       4.730510     2.048226     0.960021
       3.409783    -3.866046     0.960031
      -2.623151    -4.437571     0.960020
      -5.030982     1.123480     0.960003
      -0.486170     5.131922     0.960003
       2.920616     4.198287     1.909896
       4.895321    -1.480330     1.909912
       0.104853    -5.113175     1.909910
      -4.830524    -1.679780     1.909892
      -3.090287     4.075020     1.909883
       3.592523     3.303622     1.916886
       4.252075    -2.395818     1.916900
      -0.964602    -4.784313     1.916894
      -4.848238    -0.561044     1.916877
      -2.031779     4.437575     1.916871
       4.252073     2.395831     1.916889
       3.592527    -3.303610     1.916900
      -2.031775    -4.437568     1.916891
      -4.848238     0.561048     1.916874
      -0.964607     4.784321     1.916873
       4.895320     1.480343     1.909906
       2.920620    -4.198276     1.909914
      -3.090283    -4.075014     1.909901
      -4.830526     1.679784     1.909885
       0.104848     5.113184     1.909887
       4.616118     2.232287    -2.852910
       3.549500    -3.700373    -2.852899
      -2.422398    -4.519252    -2.852909
      -5.046616     0.907312    -2.852927
      -0.696574     5.079993    -2.852927
       4.629762     1.118865    -2.861340
       2.494789    -4.057415    -2.861333
      -3.087889    -3.626495    -2.861345
      -4.403201     1.816109    -2.861360
       0.366569     4.748903    -2.861357
       4.634332    -0.000004    -2.864161
       1.432094    -4.407511    -2.864158
      -3.749241    -2.723997    -2.864172
      -3.749243     2.723980    -2.864185
       1.432089     4.407500    -2.864177
       4.629763    -1.118873    -2.861335
       0.366574    -4.748916    -2.861335
      -4.403200    -1.816127    -2.861352
      -3.087892     3.626479    -2.861362
       2.494786     4.057405    -2.861351
       4.616120    -2.232295    -2.852900
      -0.696569    -5.080007    -2.852904
      -5.046615    -0.907331    -2.852923
      -2.422402     4.519237    -2.852930
       3.549496     3.700364    -2.852915
       0.771826     0.560743    -5.789697
       0.771826    -0.560768    -5.789695
      -0.294794    -0.907335    -5.789696
      -0.954002    -0.000014    -5.789700
      -0.294795     0.907308    -5.789700
       1.544893     1.122412    -5.217980
       1.544894    -1.122434    -5.217975
      -0.590081    -1.816130    -5.217978
      -1.909569    -0.000013    -5.217985
      -0.590082     1.816106    -5.217986
       1.556529    -0.000011    -5.232641
       0.481002    -1.480348    -5.232640
      -1.259238    -0.914911    -5.232645
      -1.259239     0.914886    -5.232649
       0.481001     1.480325    -5.232646
       2.317172     1.683508    -4.634324
       2.317173    -1.683526    -4.634317
      -0.885066    -2.723999    -4.634321
      -2.864161    -0.000012    -4.634331
      -0.885069     2.723977    -4.634333
       2.336383     0.562425    -4.660428
       1.256896    -2.048231    -4.660424
      -1.559565    -1.828316    -4.660431
      -2.220747     0.918255    -4.660438
       0.187081     2.395814    -4.660436
       2.336383    -0.562443    -4.660425
       0.187084    -2.395835    -4.660426
      -2.220746    -0.918279    -4.660434
      -1.559566     1.828293    -4.660439
       1.256894     2.048212    -4.660433
       3.084881     2.241285    -4.041530
       3.084884    -2.241300    -4.041521
      -1.178307    -3.626497    -4.041526
      -3.813105    -0.000011    -4.041540
      -1.178310     3.626477    -4.041543
       3.108595     1.123472    -4.070509
       2.029109    -2.609275    -4.070503
      -1.854525    -2.736106    -4.070511
      -3.175256     0.918256    -4.070522
      -0.107880     3.303607    -4.070521
       3.117277    -0.000008    -4.080551
       0.963299    -2.964707    -4.080548
      -2.521914    -1.832295    -4.080558
      -2.521915     1.832274    -4.080567
       0.963296     2.964690    -4.080562
       3.108596    -1.123487    -4.070504
      -0.107876    -3.303625    -4.070506
      -3.175255    -0.918278    -4.070518
      -1.854527     2.736086    -4.070523
       2.029106     2.609259    -4.070514
       3.844305     2.793041    -3.442526
       3.844308    -2.793052    -3.442513
      -1.468382    -4.519253    -3.442521
      -4.751807    -0.000010    -3.442538
      -1.468386     4.519236    -3.442541
       3.868546     1.679777    -3.466412
       2.793021    -3.160125    -3.466404
      -2.142354    -3.632852    -3.466413
      -4.117059     0.914888    -3.466427
      -0.402118     4.198273    -3.466427
       3.882718     0.561040    -3.479128
       1.733419    -3.519311    -3.479123
      -2.811396    -2.736105    -3.479135
      -3.470947     1.828295    -3.479146
       0.666243     3.866042    -3.479142
       3.882718    -0.561052    -3.479126
       0.666246    -3.866057    -3.479125
      -3.470945    -1.828314    -3.479138
      -2.811398     2.736086    -3.479147
       1.733416     3.519298    -3.479139
       3.868548    -1.679788    -3.466405
      -0.402114    -4.198289    -3.466408
      -4.117058    -0.914908    -3.466423
      -2.142358     3.632834    -3.466429
       2.793018     3.160112    -3.466418
      -0.000013     0.000014     6.359973
       1.757845     5.410124     2.844258
       5.688527     0.000009     2.844278
       1.757850    -5.410109     2.844282
      -4.602124    -3.343632     2.844264
      -4.602127     3.343640     2.844249
       4.602124     3.343632    -2.844264
       4.602127    -3.343640    -2.844249
      -1.757845    -5.410124    -2.844258
      -5.688527    -0.000009    -2.844278
      -1.757850     5.410109    -2.844282
       0.000013    -0.000014    -6.359973
